Platform 0 : Advanced Micro Devices, Inc.
input   = 256 x 256 floats 
input size = 1048576 bytes 
faulty element = (19 9) 
faulty element = (0 8) 
faulty element = (1 2) 
faulty element = (19 10) 
faulty element = (0 9) 
faulty element = (1 4) 
faulty element = (19 12) 
faulty element = (0 11) 
faulty element = (1 6) 
faulty element = (19 14) 
faulty element = (0 13) 
faulty element = (1 8) 
faulty element = (19 0) 
faulty element = (0 15) 
faulty element = (1 9) 
faulty element = (19 1) 
faulty element = (0 0) 
faulty element = (1 10) 
faulty element = (19 3) 
faulty element = (0 2) 
faulty element = (1 11) 
Platform found : Advanced Micro Devices, Inc.

Selected Platform Vendor : Advanced Micro Devices, Inc.
Device 0 : Cypress Device ID is 0x1c43620
Executing kernel for 1 iterations
-------------------------------------------
Naive kernel: 
localThreads = 128 , globalThreads = 65536 
# degraded WIs = 4312 

Total kernel execution time = 0.372 ms

deviceCallPrice
1.02426 13.1666 1.68608 1.4876 0.465758 24.5671 16.1742 1.89372 19.4392 6.80248 9.54416 4.64824 14.6265 8.18503 0.261828 0.43917 4.47625 2.72483 28.5314 5.22623 38.5295 21.5881 28.8544 1.41738 27.4321 12.855 29.4086 31.0007 0.110367 23.1804 8.2019 1.03485 5.07255 18.3647 4.43066 7.79871 8.91756 0.185188 18.5689 1.84877 7.71306 1.86943 12.8888 0.595549 19.1095 15.2609 1.37502 0.42311 34.0791 0.274024 7.73912 32.7762 24.9316 3.8247 0.604616 15.4473 34.5313 38.2109 10.3413 34.6188 21.8812 0.192408 0.524147 0.922365 20.1098 7.26903 14.1022 2.01151 8.21622 3.72423 7.54533 36.5833 11.193 0.355106 0.360275 2.65877 19.0516 2.3551 4.37101 15.1782 3.29463 26.7657 11.0861 0.678667 1.13568 16.4386 22.4803 0.582811 15.3705 3.31914 0.244643 5.74254 3.95958 0.852884 11.1097 0.395972 12.9736 1.29334 3.36991 0.469793 9.34421 23.341 0.270099 0.416964 28.087 0.671236 4.34409 11.4416 4.88787 19.2434 1.64732 17.7097 10.7892 22.6662 25.2537 19.5314 6.72319 12.1338 26.5077 0.495174 31.4359 29.6873 8.84715 2.00811 0.147926 0.33943 3.3652 13.7082 2.17304 14.4301 18.4732 22.2674 5.86368 21.4915 27.7426 2.46272 29.7325 1.55018 26.8993 2.24806 33.6948 0.270726 35.4837 7.89431 26.0419 21.7675 1.49559 2.45408 3.97664 0.203626 4.38376 2.01925 32.1913 29.0273 7.94206 33.3983 34.0669 24.0864 10.1879 1.23825 6.19737 2.0825 35.5324 27.3508 0.107807 24.1084 0.606564 29.733 0.113102 35.358 0.753191 33.8717 39.5774 0.400832 5.59152 25.7507 26.9686 13.2957 0.457591 1.23805 14.9174 6.85035 6.01339 10.5551 3.30437 31.7101 7.57272 2.05627 17.8897 0.127259 6.087 0.697435 2.20416 4.64725 36.9067 2.20426 1.09389 0.388457 0.73134 1.11655 0.163826 2.26845 0.516747 0.151298 3.74295 8.77882 26.9088 1.12721 0.613678 33.4973 4.13687 21.2625 4.63276 22.4693 3.03931 17.1804 16.5236 22.3211 33.7244 4.54214 22.826 4.10324 8.28314 0.189582 19.3039 7.05832 2.68907 30.6578 9.7795 5.63017 0.295898 10.6248 16.1135 0.952374 11.3292 39.6583 15.6554 5.46159 1.09384 22.1624 3.55495 9.32629 9.36586 17.852 2.82076 25.5986 4.82967 36.451 12.2488 3.1306 3.58818 4.4285 15.5408 25.4551 5.16799 4.69193 


devicePutPrice
0.0688901 0.38819 0.102535 0.0930107 0.0348577 0.511032 0.428751 0.112067 0.465333 0.269044 0.327453 0.211657 0.408814 0.300156 0.0203497 0.0330477 0.206476 0.146634 0.538806 0.228338 0.587866 0.486028 0.540824 0.0895381 0.531666 0.383537 0.544212 0.553428 0.0085001 0.499881 0.30051 0.0694742 0.224009 0.454034 0.205082 0.291834 0.315228 0.0144808 0.456238 0.110036 0.289952 0.11097 0.384047 0.0434053 0.461941 0.417214 0.0874112 0.0319412 0.569198 0.0212615 0.290524 0.562836 0.513831 0.185843 0.0439854 0.419618 0.571313 0.586674 0.342183 0.571711 0.488662 0.0150445 0.0387609 0.0631561 0.472056 0.279964 0.401622 0.117294 0.300813 0.182508 0.286225 0.580255 0.357003 0.0271692 0.027539 0.144065 0.461338 0.131888 0.203253 0.416135 0.16772 0.527142 0.355194 0.04865 0.074965 0.431977 0.493933 0.0425878 0.41863 0.168591 0.0190563 0.242383 0.190257 0.0591385 0.35559 0.0300567 0.385318 0.083252 0.170376 0.0351312 0.323611 0.501218 0.0209684 0.0315173 0.535968 0.048188 0.202422 0.361164 0.218702 0.463325 0.100709 0.446803 0.350084 0.495536 0.516262 0.466275 0.267143 0.372383 0.525344 0.0368366 0.555816 0.545878 0.313818 0.117144 0.0115329 0.0260463 0.170212 0.396068 0.124271 0.406151 0.455207 0.492077 0.245573 0.485145 0.533727 0.136276 0.546152 0.096061 0.528059 0.127442 0.567366 0.0210154 0.575586 0.293918 0.52204 0.487645 0.0934029 0.135927 0.190807 0.0159161 0.203644 0.117632 0.559829 0.541891 0.29495 0.565927 0.569143 0.507258 0.339412 0.0803955 0.254158 0.120384 0.575796 0.531118 0.00829136 0.507438 0.0441105 0.546154 0.0087229 0.575033 0.0532162 0.568216 0.591632 0.030396 0.238354 0.519931 0.528534 0.390091 0.0343039 0.0803843 0.412707 0.270188 0.249462 0.345991 0.168067 0.557291 0.286834 0.119248 0.448821 0.0098716 0.251352 0.0498116 0.12559 0.211623 0.58158 0.125593 0.072711 0.02953 0.0518913 0.0739367 0.0127983 0.128295 0.0382717 0.0118023 0.183132 0.31244 0.528122 0.0745106 0.044564 0.566412 0.19594 0.483042 0.21119 0.493838 0.158497 0.440763 0.433002 0.492547 0.567512 0.208471 0.496896 0.19487 0.302227 0.0148234 0.463949 0.275087 0.145246 0.551504 0.33189 0.239391 0.0228808 0.347212 0.428004 0.0648639 0.359293 0.591914 0.422272 0.234837 0.0727072 0.49116 0.176785 0.323266 0.324031 0.448401 0.150316 0.518819 0.21701 0.579711 0.374198 0.161835 0.177923 0.205019 0.420817 0.517761 0.226705 0.212954 

Passed!

